# This file incorporates the tabulated TiO Partition-function data from
#   http://kurucz.harvard.edu/molecules/tio/tiopart.dat

@ISOTOPES
                66          76          86          96          06        

# Temperature (K), partition function for each isotope:
@DATA
    10.0       28.829      28.970      29.107      29.240      29.369
    20.0       54.866      55.151      55.425      55.692      55.950
    30.0       81.572      82.002      82.417      82.821      83.212
    40.0      110.039     110.625     111.190     111.741     112.273
    50.0      141.079     141.834     142.564     143.273     143.960
    60.0      175.066     176.007     176.916     177.800     178.655
    70.0      212.092     213.236     214.340     215.415     216.454
    80.0      252.095     253.458     254.774     256.054     257.292
    90.0      294.925     296.522     298.065     299.566     301.018
   100.0      340.391     342.237     344.021     345.756     347.434
   110.0      388.285     390.394     392.431     394.414     396.330
   120.0      438.402     440.786     443.089     445.330     447.496
   130.0      490.545     493.215     495.795     498.305     500.732
   140.0      544.530     547.498     550.365     553.154     555.849
   150.0      600.196     603.470     606.632     609.709     612.684
   160.0      657.392     660.982     664.449     667.823     671.083
   170.0      715.994     719.907     723.686     727.364     730.919
   180.0      775.884     780.129     784.230     788.219     792.075
   190.0      836.972     841.555     845.981     850.290     854.455
   200.0      899.169     904.100     908.862     913.496     917.974
   210.0      962.413     967.696     972.800     977.766     982.568
   220.0     1026.643    1032.288    1037.739    1043.045    1048.176
   230.0     1091.816    1097.828    1103.636    1109.287    1114.753
   240.0     1157.892    1164.279    1170.451    1176.456    1182.259
   250.0     1224.842    1231.614    1238.155    1244.518    1250.670
   260.0     1292.647    1299.805    1306.723    1313.453    1319.962
   270.0     1361.288    1368.843    1376.144    1383.246    1390.118
   280.0     1430.753    1438.713    1446.403    1453.886    1461.125
   290.0     1501.030    1509.405    1517.492    1525.365    1532.980
   300.0     1572.122    1580.915    1589.409    1597.678    1605.674
   310.0     1644.026    1653.245    1662.152    1670.822    1679.206
   320.0     1716.739    1726.394    1735.724    1744.803    1753.586
   330.0     1790.269    1800.364    1810.122    1819.619    1828.806
   340.0     1864.611    1875.165    1885.352    1895.278    1904.874
   350.0     1939.780    1950.792    1961.428    1971.786    1981.800
   360.0     2015.783    2027.257    2038.351    2049.146    2059.584
   370.0     2092.617    2104.568    2116.119    2127.366    2138.243
   380.0     2170.303    2182.738    2194.758    2206.456    2217.773
   390.0     2248.833    2261.764    2274.260    2286.425    2298.190
   400.0     2328.228    2341.661    2354.633    2367.275    2379.502
   410.0     2408.496    2422.429    2435.907    2449.019    2461.716
   420.0     2489.630    2504.091    2518.063    2531.673    2544.836
   430.0     2571.656    2586.642    2601.125    2615.232    2628.876
   440.0     2654.574    2670.092    2685.096    2699.708    2713.843
   450.0     2738.396    2754.460    2769.992    2785.108    2799.748
   460.0     2823.125    2839.744    2855.809    2871.453    2886.593
   470.0     2908.775    2925.954    2942.560    2958.732    2974.383
   480.0     2995.340    3013.090    3030.257    3046.973    3063.136
   490.0     3082.843    3101.169    3118.897    3136.162    3152.857
   500.0     3171.278    3190.201    3208.496    3226.316    3243.554
   510.0     3260.672    3280.194    3299.067    3317.444    3335.229
   520.0     3351.015    3371.137    3390.598    3409.554    3427.881
   530.0     3442.309    3463.048    3483.106    3502.643    3521.532
   540.0     3534.578    3555.944    3576.598    3596.724    3616.193
   550.0     3627.823    3649.817    3671.095    3691.809    3711.855
   560.0     3722.023    3744.676    3766.569    3787.894    3808.520
   570.0     3817.229    3840.519    3863.048    3884.986    3906.217
   580.0     3913.415    3937.367    3960.522    3983.096    4004.928
   590.0     4010.602    4035.224    4059.035    4082.223    4104.650
   600.0     4108.760    4134.079    4158.545    4182.369    4205.425
   610.0     4207.954    4233.955    4259.074    4283.555    4307.263
   620.0     4308.152    4334.854    4360.642    4385.792    4410.116
   630.0     4409.361    4436.766    4463.259    4489.067    4514.033
   640.0     4511.594    4539.712    4566.905    4593.373    4619.003
   650.0     4614.849    4643.697    4671.582    4698.730    4725.034
   660.0     4719.135    4748.714    4777.321    4805.143    4832.121
   670.0     4824.475    4854.784    4884.105    4912.659    4940.285
   680.0     4930.835    4961.902    4991.937    5021.204    5049.537
   690.0     5038.245    5070.065    5100.852    5130.830    5159.847
   700.0     5146.697    5179.289    5210.813    5241.523    5271.239
   710.0     5256.205    5289.574    5321.838    5353.303    5383.734
   720.0     5366.765    5400.934    5433.972    5466.159    5497.300
   730.0     5478.396    5513.339    5547.154    5580.097    5611.978
   740.0     5591.063    5626.826    5661.417    5695.117    5727.747
   750.0     5704.826    5741.395    5776.789    5811.246    5844.629
   760.0     5819.640    5857.060    5893.211    5928.494    5962.608
   770.0     5935.545    5973.806    6010.774    6046.815    6081.715
   780.0     6052.532    6091.619    6129.422    6166.244    6201.911
   790.0     6170.597    6210.541    6249.173    6286.801    6323.234
   800.0     6289.729    6330.536    6370.026    6408.461    6445.678
   810.0     6409.973    6451.654    6491.973    6531.242    6569.269
   820.0     6531.318    6573.878    6615.042    6655.135    6693.975
   830.0     6653.757    6697.212    6739.240    6780.183    6819.819
   840.0     6777.290    6821.615    6864.542    6906.330    6946.795
   850.0     6901.923    6947.177    6990.959    7033.621    7074.911
   860.0     7027.689    7073.841    7118.533    7162.042    7204.195
   870.0     7154.551    7201.658    7247.214    7291.628    7334.604
   880.0     7282.535    7330.564    7377.053    7422.329    7466.176
   890.0     7411.620    7460.623    7508.012    7554.198    7598.906
   900.0     7541.849    7591.808    7640.121    7687.206    7732.790
   910.0     7673.211    7724.116    7773.370    7821.363    7867.840
   920.0     7805.668    7857.563    7907.764    7956.688    8004.046
   930.0     7939.298    7992.158    8043.309    8093.181    8141.403
   940.0     8074.027    8127.908    8180.032    8230.765    8279.913
   950.0     8209.873    8264.755    8317.835    8369.545    8419.656
   960.0     8346.897    8402.807    8456.861    8509.564    8560.559
   970.0     8485.076    8542.002    8597.055    8650.709    8702.679
   980.0     8624.438    8682.367    8738.396    8793.056    8845.891
   990.0     8764.897    8823.873    8880.926    8936.583    8990.417
  1000.0     8906.526    8966.568    9024.672    9081.274    9136.093
  1010.0     9049.348    9110.465    9169.570    9227.198    9282.942
  1020.0     9193.305    9255.472    9315.610    9374.259    9431.006
  1030.0     9338.426    9401.685    9462.927    9522.508    9580.294
  1040.0     9484.727    9549.025    9611.339    9672.002    9730.713
  1050.0     9632.220    9697.643    9760.963    9822.678    9882.479
  1060.0     9780.815    9847.378    9911.798    9974.628   10035.352
  1070.0     9930.710    9998.344   10063.900   10127.688   10189.521
  1080.0    10081.688   10150.532   10217.148   10282.017   10344.876
  1090.0    10233.914   10303.879   10371.572   10437.526   10501.443
  1100.0    10387.339   10458.408   10527.253   10594.309   10659.256
  1110.0    10541.896   10614.192   10684.109   10752.274   10818.237
  1120.0    10697.652   10771.138   10842.173   10911.471   10978.499
  1130.0    10854.657   10929.305   11001.469   11071.841   11140.009
  1140.0    11012.839   11088.640   11161.970   11233.456   11302.707
  1150.0    11172.190   11249.225   11323.751   11396.390   11466.727
  1160.0    11332.801   11411.047   11486.758   11560.550   11631.968
  1170.0    11494.662   11574.145   11650.978   11725.916   11798.473
  1180.0    11657.709   11738.366   11816.415   11892.542   11966.270
  1190.0    11821.909   11903.894   11983.159   12060.452   12135.241
  1200.0    11987.408   12070.586   12151.134   12229.554   12305.482
  1210.0    12154.120   12238.596   12320.243   12399.891   12476.995
  1220.0    12322.004   12407.781   12490.668   12571.538   12649.761
  1230.0    12491.161   12578.160   12662.333   12744.409   12823.800
  1240.0    12661.564   12749.842   12835.234   12918.514   12999.161
  1250.0    12833.208   12922.735   13009.470   13093.945   13175.749
  1260.0    13006.020   13096.937   13184.926   13270.629   13353.648
  1270.0    13180.165   13272.354   13361.601   13448.635   13532.849
  1280.0    13355.508   13449.079   13539.660   13627.892   13713.359
  1290.0    13532.169   13627.070   13718.891   13808.409   13895.108
  1300.0    13710.051   13806.318   13899.456   13990.225   14078.127
  1310.0    13889.172   13986.757   14081.252   14173.259   14262.480
  1320.0    14069.486   14168.532   14264.326   14357.718   14448.118
  1330.0    14251.180   14351.515   14448.643   14543.329   14635.024
  1340.0    14434.046   14535.797   14634.341   14730.240   14823.218
  1350.0    14618.228   14721.361   14821.225   14918.549   15012.813
  1360.0    14803.627   14908.267   15009.476   15108.085   15203.691
  1370.0    14990.340   15096.373   15199.021   15298.979   15395.925
  1380.0    15178.406   15285.861   15389.829   15491.195   15589.348
  1390.0    15367.682   15476.560   15581.955   15684.711   15784.199
  1400.0    15558.254   15668.587   15775.377   15879.560   15980.345
  1410.0    15750.100   15861.987   15970.188   16075.606   16177.847
  1420.0    15943.229   16056.510   16166.239   16273.079   16376.668
  1430.0    16137.744   16252.475   16363.513   16471.656   16576.496
  1440.0    16333.395   16449.508   16562.006   16671.652   16777.943
  1450.0    16530.127   16647.936   16761.930   16873.082   16980.764
  1460.0    16728.443   16847.742   16963.301   17075.881   17184.896
  1470.0    16928.021   17048.928   17165.906   17279.926   17390.371
  1480.0    17128.949   17251.365   17369.881   17485.258   17597.184
  1490.0    17331.180   17455.201   17575.236   17692.094   17805.354
  1500.0    17534.766   17660.273   17781.814   17900.197   18014.961
  1510.0    17739.566   17866.689   17989.816   18109.650   18225.844
  1520.0    17945.701   18074.506   18198.996   18320.492   18438.033
  1530.0    18153.396   18283.596   18409.707   18532.668   18651.617
  1540.0    18362.156   18494.076   18621.680   18746.107   18866.666
  1550.0    18572.236   18705.803   18835.068   18960.902   19082.971
  1560.0    18783.789   18918.916   19049.715   19177.148   19300.732
  1570.0    18996.572   19133.371   19265.768   19394.811   19519.943
  1580.0    19210.756   19349.293   19483.375   19613.779   19740.359
  1590.0    19426.273   19566.334   19702.006   19834.287   19962.271
  1600.0    19643.240   19784.902   19922.209   20055.900   20185.539
  1610.0    19861.344   20004.768   20143.668   20278.943   20410.146
  1620.0    20080.742   20226.020   20366.555   20503.426   20636.143
  1630.0    20301.709   20448.539   20590.742   20729.352   20863.459
  1640.0    20523.955   20672.535   20816.402   20956.527   21092.332
  1650.0    20747.566   20897.861   21043.338   21185.205   21322.445
  1660.0    20972.518   21124.549   21271.672   21415.135   21554.129
  1670.0    21198.771   21352.457   21501.369   21646.527   21787.008
  1680.0    21426.516   21582.109   21732.563   21879.359   22021.625
  1690.0    21655.422   21812.957   21965.119   22113.617   22257.449
  1700.0    21885.943   22045.115   22199.068   22349.359   22494.633
  1710.0    22117.693   22278.816   22434.432   22586.404   22733.418
  1720.0    22350.920   22513.627   22671.266   22824.857   22973.480
  1730.0    22585.521   22750.113   22909.307   23064.711   23214.939
  1740.0    22821.357   22987.836   23148.898   23305.869   23457.920
  1750.0    23058.797   23227.088   23389.893   23548.564   23702.303
  1760.0    23297.422   23467.662   23632.322   23792.693   23948.049
  1770.0    23537.568   23709.596   23875.969   24038.172   24195.434
  1780.0    23779.074   23952.900   24121.160   24285.256   24444.213
  1790.0    24021.898   24197.730   24367.707   24533.576   24694.082
  1800.0    24266.410   24443.938   24615.848   24783.424   24945.871
  1810.0    24511.967   24691.594   24865.471   25034.664   25198.881
  1820.0    24759.137   24940.592   25116.320   25287.486   25453.330
  1830.0    25007.633   25191.139   25368.604   25541.656   25709.359
  1840.0    25257.514   25442.951   25622.342   25797.264   25966.506
  1850.0    25508.973   25696.105   25877.512   26054.211   26225.389
  1860.0    25761.729   25951.006   26134.055   26312.713   26485.879
  1870.0    26015.861   26207.189   26392.404   26572.816   26747.533
  1880.0    26271.584   26464.711   26651.764   26834.225   27010.756
  1890.0    26528.631   26723.871   26912.826   27097.086   27275.521
  1900.0    26787.143   26984.449   27175.250   27361.465   27541.598
  1910.0    27046.975   27246.332   27439.197   27627.236   27809.447
  1920.0    27308.324   27509.680   27704.539   27894.559   28078.518
  1930.0    27571.104   27774.412   27971.287   28163.393   28349.293
  1940.0    27835.320   28040.734   28239.572   28433.559   28621.443
  1950.0    28101.051   28308.516   28509.373   28705.236   28894.891
  1960.0    28368.229   28577.887   28780.707   28978.428   29170.086
  1970.0    28636.867   28848.514   29053.516   29253.279   29446.822
  1980.0    28906.895   29120.563   29327.602   29529.361   29724.869
  1990.0    29178.375   29394.395   29603.338   29807.248   30004.561
  2000.0    29451.234   29669.455   29880.539   30086.379   30285.768
  2010.0    29725.980   29946.012   30159.105   30367.123   30568.482
  2020.0    30001.572   30224.041   30439.322   30649.252   30852.627
  2030.0    30279.088   30503.670   30721.055   30932.898   31138.111
  2040.0    30558.150   30784.688   31004.254   31218.000   31425.346
  2050.0    30838.213   31067.111   31288.818   31504.900   31714.125
  2060.0    31120.209   31351.234   31575.061   31793.021   32004.471
  2070.0    31403.533   31636.654   31862.693   32082.783   32296.209
  2080.0    31688.279   31923.723   32151.781   32374.094   32589.680
  2090.0    31974.555   32212.266   32442.586   32667.113   32883.734
  2100.0    32262.170   32502.434   32734.619   32960.609   33180.129
  2110.0    32551.619   32793.504   33027.777   33256.465   33478.016
  2120.0    32841.809   33086.301   33323.023   33553.707   33777.211
  2130.0    33133.848   33380.789   33619.535   33852.516   34078.262
  2140.0    33427.492   33676.609   33917.707   34152.809   34380.785
  2150.0    33722.566   33974.145   34217.711   34454.996   34684.828
  2160.0    34019.617   34273.328   34518.996   34758.527   34990.348
  2170.0    34317.730   34573.801   34821.676   35063.285   35297.688
  2180.0    34617.422   34875.891   35126.195   35370.230   35606.625
  2190.0    34918.883   35179.598   35432.141   35678.371   35916.938
  2200.0    35221.477   35484.949   35739.602   35988.125   36228.930
  2210.0    35525.879   35791.457   36048.926   36299.363   36542.625
  2220.0    35831.969   36099.809   36359.488   36612.516   36857.461
  2230.0    36139.398   36409.949   36672.023   36927.184   37174.523
  2240.0    36448.438   36721.441   36985.633   37243.168   37492.680
  2250.0    36758.910   37034.410   37300.863   37560.977   37812.680
  2260.0    37071.242   37348.840   37617.965   37880.129   38133.910
  2270.0    37384.703   37665.246   37936.469   38200.766   38457.414
  2280.0    37700.270   37982.801   38256.309   38523.359   38781.891
  2290.0    38016.754   38302.199   38578.074   38847.230   39108.441
  2300.0    38335.117   38623.000   38901.668   39173.094   39436.516
  2310.0    38655.266   38945.332   39226.461   39500.438   39765.762
  2320.0    38976.785   39269.359   39552.969   39829.184   40097.156
  2330.0    39299.684   39595.020   39880.852   40159.598   40429.777
  2340.0    39624.172   39922.230   40210.785   40491.617   40764.246
  2350.0    39950.246   40250.871   40541.852   40825.414   41100.051
  2360.0    40278.281   40581.094   40874.691   41160.773   41437.895
  2370.0    40607.539   40913.418   41209.359   41497.766   41777.395
  2380.0    40938.910   41247.078   41545.535   41836.367   42118.324
  2390.0    41271.410   41582.434   41883.602   42176.746   42460.980
  2400.0    41605.602   41919.137   42222.715   42518.715   42805.551
  2410.0    41941.590   42257.934   42563.895   42862.246   43151.441
  2420.0    42279.055   42597.949   42906.508   43207.727   43498.891
  2430.0    42618.270   42939.422   43250.656   43553.949   43848.219
  2440.0    42958.738   43283.070   43596.902   43902.832   44198.922
  2450.0    43300.988   43628.105   43944.355   44253.082   44552.242
  2460.0    43644.965   43974.762   44293.695   44604.668   44906.367
  2470.0    43990.680   44322.863   44644.504   44958.316   45262.219
  2480.0    44337.563   44672.746   44997.621   45313.559   45620.105
  2490.0    44686.461   45024.555   45351.590   45670.406   45979.262
  2500.0    45037.320   45377.688   45707.242   46028.703   46340.590
  2510.0    45389.309   45732.609   46065.008   46389.363   46703.227
  2520.0    45743.496   46089.238   46424.367   46751.285   47067.551
  2530.0    46098.527   46447.328   46785.605   47114.707   47433.949
  2540.0    46455.566   46807.875   47148.023   47480.137   47801.695
  2550.0    46814.250   47168.949   47512.496   47847.066   48171.852
  2560.0    47174.719   47532.457   47878.418   48216.023   48543.023
  2570.0    47536.992   47897.590   48246.426   48586.508   48916.172
  2580.0    47901.305   48264.180   48615.895   48958.637   49291.180
  2590.0    48266.293   48632.461   48987.336   49332.527   49667.613
  2600.0    48633.859   49002.684   49360.082   49708.406   50046.000
  2610.0    49002.770   49374.535   49734.758   50085.852   50426.219
  2620.0    49373.555   49748.453   50111.004   50465.438   50807.813
  2630.0    49745.914   50123.281   50489.383   50845.629   51191.027
  2640.0    50119.637   50500.297   50868.996   51228.676   51576.602
  2650.0    50495.164   50879.039   51250.250   51612.520   51963.617
  2660.0    50872.520   51259.281   51633.691   51998.617   52352.547
  2670.0    51251.867   51641.406   52018.945   52386.672   52743.168
  2680.0    51632.828   52024.895   52405.715   52776.168   53135.418
  2690.0    52015.035   52410.738   52794.090   53167.520   53529.465
  2700.0    52399.582   52798.406   53184.340   53560.953   53925.914
  2710.0    52785.324   53187.750   53576.375   53956.125   54323.441
  2720.0    53173.199   53578.570   53970.605   54352.582   54723.063
  2730.0    53563.016   53971.047   54366.176   54751.473   55124.266
  2740.0    53954.180   54365.313   54763.148   55151.227   55526.980
  2750.0    54347.324   54761.273   55162.430   55553.273   55932.348
  2760.0    54741.883   55159.227   55563.215   55957.480   56339.121
  2770.0    55138.672   55559.004   55966.391   56363.113   56747.613
  2780.0    55537.109   55960.676   56371.000   56770.801   57158.316
  2790.0    55936.973   56363.977   56777.176   57180.105   57570.785
  2800.0    56339.184   56769.430   57185.570   57592.094   57984.707
  2810.0    56742.965   57176.172   57596.074   58004.809   58400.684
  2820.0    57148.527   57585.094   58007.617   58419.762   58819.078
  2830.0    57555.957   57995.848   58421.418   58836.492   59238.402
  2840.0    57965.145   58407.871   58837.172   59254.906   59659.922
  2850.0    58376.191   58822.383   59254.539   59675.016   60083.258
  2860.0    58788.863   59237.934   59673.418   60097.246   60508.281
  2870.0    59203.570   59655.992   60094.066   60521.578   60935.703
  2880.0    59619.492   60075.363   60517.410   60947.582   61365.031
  2890.0    60038.078   60497.168   60941.844   61375.676   61795.820
  2900.0    60458.031   60921.008   61368.660   61805.625   62228.809
  2910.0    60880.195   61346.375   61797.395   62237.305   62663.438
  2920.0    61303.984   61773.035   62227.590   62670.641   63100.035
  2930.0    61729.391   62202.273   62659.789   63106.066   63538.656
  2940.0    62157.176   62633.066   63094.238   63543.453   63978.984
  2950.0    62586.410   63065.711   63529.695   63982.254   64421.184
  2960.0    63017.156   63499.879   63967.488   64423.355   64865.086
  2970.0    63450.500   63936.977   64407.887   64866.770   65311.992
  2980.0    63885.453   64375.336   64849.496   65311.828   65756.547
  2990.0    64321.652   64815.434   65292.867   65755.883   66205.953
  3000.0    64760.672   65257.621   65735.922   66203.227   66657.055
  3010.0    65201.332   65699.453   66182.000   66653.164   67110.234
  3020.0    65641.961   66144.086   66631.266   67105.633   67565.797
  3030.0    66084.805   66590.984   67082.055   67560.016   68023.500
  3040.0    66530.180   67040.000   67534.391   68016.305   68483.172
  3050.0    66977.781   67491.500   67988.992   68474.211   68944.008
  3060.0    67426.984   67944.539   68446.117   68934.320   69408.391
  3070.0    67878.484   68399.961   68904.789   69397.023   69873.461
  3080.0    68332.234   68856.680   69365.180   69860.297   70341.070
  3090.0    68787.945   69316.555   69827.914   70327.242   70810.367
  3100.0    69245.164   69777.328   70292.781   70794.672   71282.000
  3110.0    69704.836   70240.898   70759.352   71265.008   71755.797
  3120.0    70166.742   70706.281   71228.500   71737.633   72231.719
  3130.0    70630.258   71173.469   71699.375   72211.914   72708.594
  3140.0    71095.750   71643.047   72171.672   72688.828   73188.961
  3150.0    71563.445   72114.313   72647.086   73167.531   73670.555
  3160.0    72032.930   72587.336   73123.984   73646.938   74154.219
  3170.0    72504.461   73063.141   73603.023   74129.570   74640.219
  3180.0    72977.633   73539.852   74083.516   74613.992   75127.633
  3190.0    73453.203   74018.367   74566.359   75099.789   75617.617
  3200.0    73930.555   74499.203   75050.555   75588.008   76109.078
  3210.0    74410.078   74982.914   75537.758   76078.992   76603.469
  3220.0    74890.773   75467.523   76027.258   76572.031   77099.438
  3230.0    75374.016   75956.063   76518.125   77066.844   77598.586
  3240.0    75860.727   76444.773   77012.008   77563.656   78098.055
  3250.0    76348.000   76936.727   77507.063   78062.766   78600.953
  3260.0    76837.813   77430.695   78003.813   78563.891   79105.836
  3270.0    77329.211   77926.211   78503.977   79067.039   79612.836
  3280.0    77823.539   78424.102   79006.125   79572.570   80121.969
  3290.0    78319.586   78925.039   79509.320   80080.188   80632.805
  3300.0    78817.930   79425.648   80015.375   80588.961   81145.297
  3310.0    79317.414   79929.859   80522.461   81100.789   81660.422
  3320.0    79819.516   80435.984   81031.938   81614.000   82177.773
  3330.0    80323.641   80943.789   81544.164   82130.391   82696.430
  3340.0    80830.078   81453.531   82058.313   82647.414   83218.984
  3350.0    81337.781   81966.859   82574.352   83167.898   83742.609
  3360.0    81848.703   82481.453   83093.914   83690.813   84269.023
  3370.0    82360.930   82998.344   83614.367   84215.328   84796.945
  3380.0    82876.602   83517.336   84136.820   84741.336   85327.969
  3390.0    83393.781   84037.078   84662.211   85270.453   85860.453
  3400.0    83911.570   84561.422   85188.867   85801.391   86395.086
  3410.0    84433.523   85086.102   85719.375   86334.930   86932.414
  3420.0    84957.180   85614.320   86249.977   86871.016   87471.352
  3430.0    85481.734   86143.430   86783.781   87408.641   88012.547
  3440.0    86009.602   86675.141   87319.219   87946.914   88556.469
  3450.0    86539.297   87209.625   87857.180   88489.469   89101.641
  3460.0    87071.234   87744.992   88396.797   89033.383   89650.086
  3470.0    87605.242   88282.641   88939.805   89579.211   90200.328
  3480.0    88141.523   88823.070   89484.266   90128.453   90752.945
  3490.0    88679.695   89366.797   90032.023   90679.586   91307.711
  3500.0    89220.367   89911.820   90580.930   91232.969   91865.508
  3510.0    89764.109   90459.508   91132.563   91788.617   92425.617
  3520.0    90309.523   91008.992   91686.148   92348.039   92986.375
  3530.0    90856.992   91560.578   92242.742   92906.719   93550.898
  3540.0    91406.391   92114.914   92799.406   93469.398   94117.180
  3550.0    91957.828   92670.898   93360.016   94033.820   94686.031
  3560.0    92511.508   93229.008   93923.453   94600.844   95256.492
  3570.0    93067.781   93789.883   94488.313   95169.156   95829.031
  3580.0    93626.750   94352.711   95055.211   95741.445   96405.000
  3590.0    94187.484   94918.391   95625.297   96315.016   96983.328
  3600.0    94751.688   95486.031   96197.477   96891.664   97563.664
  3610.0    95315.563   96055.672   96771.531   97469.219   98145.195
  3620.0    95883.625   96628.156   97348.156   98050.063   98730.969
  3630.0    96454.547   97202.461   97926.922   98633.930   99317.922
  3640.0    97026.063   97779.727   98507.453   99218.203   99908.102
  3650.0    97600.164   98357.695   99091.563   99806.891  100499.977
  3660.0    98178.016   98940.133   99677.938  100397.539  101094.602
  3670.0    98756.984   99525.219  100267.234  100989.875  101691.438
  3680.0    99339.102  100110.398  100856.438  101584.688  102290.469
  3690.0    99922.289  100698.531  101449.828  102182.164  102892.633
  3700.0   100509.023  101289.477  102045.750  102782.344  103496.211
  3710.0   101097.922  101883.703  102643.094  103384.406  104102.734
  3720.0   101689.219  102479.406  103244.117  103990.016  104712.125
  3730.0   102282.023  103076.047  103846.969  104595.773  105322.063
  3740.0   102877.898  103677.016  104450.313  105205.719  105935.984
  3750.0   103474.758  104279.211  105057.641  105816.945  106552.406
  3760.0   104075.070  104884.102  105667.188  106431.133  107170.641
  3770.0   104677.711  105491.711  106279.516  107048.125  107792.781
  3780.0   105283.016  106101.695  106894.938  107667.672  108417.125
  3790.0   105892.375  106715.234  107512.789  108289.648  109043.672
  3800.0   106501.828  107330.703  108133.117  108914.969  109671.594
  3810.0   107114.656  107947.406  108754.758  109540.016  110302.398
  3820.0   107729.680  108566.828  109377.688  110168.750  110935.516
  3830.0   108345.984  109189.516  110005.039  110801.164  111571.695
  3840.0   108966.078  109814.852  110634.602  111434.570  112211.266
  3850.0   109589.281  110441.039  111266.141  112071.266  112850.930
  3860.0   110212.758  111070.750  111902.133  112711.219  113494.836
  3870.0   110840.117  111703.516  112537.984  113352.875  114142.188
  3880.0   111469.445  112338.445  113178.891  113997.398  114791.156
  3890.0   112102.391  112974.328  113819.766  114644.328  115441.813
  3900.0   112737.438  113615.070  114464.313  115293.203  116095.125
  3910.0   113374.164  114257.016  115110.969  115943.242  116751.305
  3920.0   114013.219  114901.219  115760.688  116598.508  117410.227
  3930.0   114655.344  115547.523  116412.469  117255.789  118072.328
  3940.0   115300.422  116197.930  117068.055  117915.359  118737.359
  3950.0   115946.844  116850.227  117724.547  118576.648  119403.008
  3960.0   116597.008  117504.727  118384.383  119242.109  120071.711
  3970.0   117248.789  118162.703  119047.469  119908.953  120744.680
  3980.0   117904.258  118822.758  119712.469  120579.523  121419.719
  3990.0   118561.359  119485.094  120380.188  121253.359  122097.836
  4000.0   119222.438  120151.063  121051.336  121928.789  122777.938
  4010.0   119885.391  120819.680  121724.102  122606.359  123460.766
  4020.0   120550.594  121489.883  122399.250  123285.906  124144.359
  4030.0   121217.453  122161.305  123076.266  123968.445  124833.320
  4040.0   121887.031  122837.875  123756.977  124653.742  125522.922
  4050.0   122560.734  123515.039  124441.195  125341.539  126216.969
  4060.0   123235.695  124195.891  125126.406  126033.688  126913.164
  4070.0   123914.758  124881.203  125816.453  126727.938  127612.344
  4080.0   124595.547  125566.594  126506.766  127425.398  128314.023
  4090.0   125278.625  126255.133  127202.367  128123.641  129018.422
  4100.0   125965.625  126947.938  127899.086  128826.117  129724.578
  4110.0   126653.977  127641.297  128598.266  129529.719  130434.078
  4120.0   127345.594  128338.461  129299.969  130237.148  131140.438
  4130.0   128038.789  129037.359  130004.969  130947.922  131844.938
  4140.0   128735.156  129740.461  130712.016  131645.234  132558.266
  4150.0   129435.164  130445.125  131409.266  132355.484  133276.359
  4160.0   130135.641  131145.969  132117.719  133070.609  133996.422
  4170.0   130840.500  131846.172  132828.969  133789.188  134720.953
  4180.0   131535.000  132554.266  133544.016  134511.156  135447.953
  4190.0   132238.766  133268.500  134262.750  135236.281  136178.188
  4200.0   132949.266  133983.750  134986.344  135963.922  136912.203
  4210.0   133663.016  134704.094  135712.891  136694.344  137647.891
  4220.0   134379.750  135426.766  136439.938  137429.906  138387.563
  4230.0   135099.750  136152.141  137170.969  138164.250  139128.313
  4240.0   135821.031  136881.297  137905.563  138905.234  139871.953
  4250.0   136546.547  137609.484  138641.578  139646.203  140618.969
  4260.0   137273.828  138345.359  139380.266  140392.281  141369.531
  4270.0   138004.375  139081.578  140122.938  141140.094  142124.250
  4280.0   138739.156  139819.813  140868.641  141889.766  142881.891
  4290.0   139473.672  140562.313  141615.484  142644.469  143639.375
  4300.0   140215.391  141308.531  142366.703  143400.297  144402.297
  4310.0   140955.781  142057.953  143123.078  144160.234  145166.969
  4320.0   141702.781  142807.656  143880.000  144922.766  145935.125
  4330.0   142451.563  143561.859  144638.484  145689.578  146705.219
  4340.0   143200.953  144319.375  145401.594  146457.453  147481.188
  4350.0   143955.484  145078.344  146168.125  147227.016  148254.906
  4360.0   144712.406  145840.875  146935.359  148001.891  149035.734
  4370.0   145470.516  146606.953  147707.484  148778.172  149818.859
  4380.0   146233.047  147375.359  148482.641  149559.297  150603.156
  4390.0   146997.719  148147.328  149256.578  150342.156  151390.906
  4400.0   147765.797  148920.719  150037.281  151126.359  152183.859
  4410.0   148537.625  149695.656  150821.953  151915.578  152977.125
  4420.0   149310.250  150477.625  151606.750  152709.328  153774.547
  4430.0   150089.688  151260.656  152396.094  153503.922  154577.078
  4440.0   150869.484  152047.469  153188.766  154302.797  155379.438
  4450.0   151651.906  152836.359  153983.391  155102.609  156186.391
  4460.0   152435.656  153629.906  154782.141  155906.328  156995.484
  4470.0   153225.641  154424.984  155582.203  156712.594  157806.938
  4480.0   154017.453  155221.234  156387.234  157522.703  158622.109
  4490.0   154813.344  156021.766  157192.719  158336.750  159442.047
  4500.0   155609.313  156826.500  158003.156  159151.750  160262.172
  4510.0   156409.250  157632.375  158815.125  159969.859  161088.172
  4520.0   157211.984  158442.391  159632.438  160792.906  161916.359
  4530.0   158022.609  159255.109  160450.766  161616.984  162747.516
  4540.0   158829.484  160071.828  161274.750  162444.688  163580.859
  4550.0   159641.516  160889.844  162098.172  163276.734  164418.641
  4560.0   160458.641  161712.594  162926.000  164110.656  165258.016
  4570.0   161275.297  162536.828  163756.609  164946.844  166101.141
  4580.0   162098.984  163363.625  164593.141  165787.844  166948.516
  4590.0   162921.906  164196.750  165430.859  166633.375  167798.344
  4600.0   163749.828  165029.703  166270.938  167479.453  168650.641
  4610.0   164582.266  165868.578  167114.750  168329.109  169506.578
  4620.0   165416.188  166706.219  167960.797  169180.734  170365.313
  4630.0   166253.484  167552.094  168811.563  170039.313  171226.125
  4640.0   167092.656  168397.313  169663.906  170895.344  172090.109
  4650.0   167934.641  169247.344  170517.203  171757.422  172958.953
  4660.0   168780.000  170098.438  171376.531  172622.609  173829.453
  4670.0   169627.766  170954.797  172239.469  173491.078  174704.938
  4680.0   170480.672  171814.313  173105.891  174363.234  175583.609
  4690.0   171337.484  172676.672  173975.250  175238.234  176465.000
  4700.0   172194.672  173541.219  174847.203  176116.906  177350.953
  4710.0   173057.875  174411.063  175721.453  177000.438  178236.438
  4720.0   173921.641  175281.484  176597.250  177882.547  179127.969
  4730.0   174789.656  176156.953  177480.984  178771.625  180021.625
  4740.0   175663.625  177034.922  178366.094  179661.828  180917.141
  4750.0   176533.703  177916.453  179253.828  180558.594  181819.172
  4760.0   177413.797  178801.672  180145.734  181454.375  182724.703
  4770.0   178294.922  179689.359  181038.000  182354.578  183632.141
  4780.0   179178.094  180578.531  181936.031  183259.266  184540.297
  4790.0   180063.406  181472.281  182837.969  184166.328  185456.375
  4800.0   180955.281  182369.656  183739.922  185076.281  186369.188
  4810.0   181847.797  183271.438  184645.938  185990.656  187289.594
  4820.0   182742.234  184171.797  185558.281  186905.828  188215.031
  4830.0   183644.000  185080.438  186470.844  187826.953  189140.563
  4840.0   184547.234  185989.625  187387.422  188750.672  190070.750
  4850.0   185453.281  186903.953  188307.234  189677.188  191002.156
  4860.0   186363.891  187819.125  189232.281  190608.359  191940.422
  4870.0   187274.969  188739.438  190156.000  191541.906  192881.703
  4880.0   188189.766  189662.750  191088.234  192478.516  193825.516
  4890.0   189109.391  190590.063  192022.063  193418.453  194771.641
  4900.0   190033.203  191521.328  192957.250  194362.578  195722.406
  4910.0   190958.094  192453.453  193899.328  195308.938  196675.422
  4920.0   191887.406  193389.781  194842.984  196256.469  197629.328
  4930.0   192822.594  194327.938  195788.391  197210.844  198589.953
  4940.0   193753.953  195270.844  196736.156  198166.141  199549.625
  4950.0   194691.297  196213.188  197687.828  199125.141  200518.625
  4960.0   195633.203  197163.563  198645.719  200089.297  201488.891
  4970.0   196579.594  198115.984  199603.422  201056.438  202461.891
  4980.0   197528.688  199073.328  200569.234  202027.000  203442.625
  4990.0   198479.531  200032.141  201536.438  203003.813  204424.531
  5000.0   199435.453  200998.219  202508.641  203981.938  205409.688
  5010.0   200396.563  201964.078  203481.000  204961.297  206393.813
  5020.0   201358.734  202933.875  204459.016  205943.813  207386.125
  5030.0   202323.094  203906.297  205438.750  206933.375  208377.953
  5040.0   203292.797  204883.813  206424.313  207921.672  209377.859
  5050.0   204266.969  205863.203  207409.953  208916.141  210377.000
  5060.0   205240.734  206846.172  208398.734  209912.578  211380.875
  5070.0   206216.734  207831.719  209393.234  210915.563  212391.047
  5080.0   207201.297  208821.844  210391.047  211918.938  213400.641
  5090.0   208186.875  209815.203  211390.984  212926.688  214415.359
  5100.0   209176.375  210811.766  212395.516  213940.953  215435.406
  5110.0   210165.531  211814.938  213401.547  214955.578  216460.578
  5120.0   211164.922  212816.938  214420.141  215975.891  217488.234
  5130.0   212165.313  213827.469  215431.813  217002.313  218515.906
  5140.0   213170.484  214837.703  216453.453  218026.391  219551.547
  5150.0   214179.797  215851.609  217476.734  219057.500  220584.453
  5160.0   215187.828  216870.703  218501.266  220088.578  221627.719
  5170.0   216203.266  217892.406  219530.219  221124.609  222670.969
  5180.0   217219.188  218918.250  220560.719  222163.297  223716.844
  5190.0   218237.281  219945.000  221597.891  223207.219  224766.859
  5200.0   219263.766  220975.984  222637.875  224253.094  225821.734
  5210.0   220288.109  222011.125  223677.750  225303.516  226880.641
  5220.0   221318.266  223049.563  224725.500  226358.953  227941.750
  5230.0   222354.781  224093.656  225777.406  227416.484  229007.563
  5240.0   223392.531  225140.234  226829.297  228478.672  230080.047
  5250.0   224434.328  226189.844  227893.125  229548.797  231154.438
  5260.0   225482.313  227247.359  228954.547  230619.672  232227.531
  5270.0   226533.953  228304.156  230020.969  231690.391  233309.422
  5280.0   227585.422  229365.078  231086.453  232765.359  234393.609
  5290.0   228644.219  230427.656  232157.469  233843.094  235480.125
  5300.0   229701.375  231496.375  233233.047  234927.641  236570.828
  5310.0   230762.766  232564.688  234315.406  236015.953  237664.859
  5320.0   231827.625  233642.797  235395.625  237106.500  238761.516
  5330.0   232900.969  234720.344  236480.953  238201.531  239864.813
  5340.0   233973.328  235803.125  237572.125  239297.672  240968.922
  5350.0   235049.297  236889.094  238666.484  240398.875  242080.406
  5360.0   236129.781  237976.844  239765.125  241507.750  243192.750
  5370.0   237215.953  239071.344  240863.281  242615.859  244310.719
  5380.0   238305.875  240167.625  241969.750  243730.219  245431.766
  5390.0   239398.563  241268.125  243079.250  244843.563  246554.328
  5400.0   240494.047  242371.688  244191.719  245965.563  247682.328
  5410.0   241590.969  243481.063  245304.813  247089.219  248813.266
  5420.0   242694.344  244592.281  246427.938  248213.031  249947.594
  5430.0   243799.922  245705.656  247548.234  249345.297  251085.563
  5440.0   244910.672  246821.734  248673.563  250481.563  252229.891
  5450.0   246022.875  247946.984  249804.984  251619.047  253377.953
  5460.0   247140.078  249069.500  250942.781  252761.750  254530.328
  5470.0   248262.844  250203.641  252078.953  253910.953  255680.625
  5480.0   249390.703  251337.078  253222.813  255061.875  256841.938
  5490.0   250515.594  252475.984  254369.641  256214.047  258004.984
  5500.0   251652.094  253614.750  255519.359  257373.656  259171.656
  5510.0   252786.750  254760.406  256671.406  258534.047  260339.719
  5520.0   253926.313  255910.672  257827.906  259700.516  261511.266
  5530.0   255070.016  257061.156  258988.859  260871.625  262646.281
  5540.0   256218.875  258218.516  260154.734  262042.578  263805.031
  5550.0   257367.266  259379.328  261322.281  263161.094  264974.875
  5560.0   258523.672  260543.969  262458.781  264322.969  266154.094
  5570.0   259682.297  261709.031  263606.438  265497.563  267342.031
  5580.0   260844.063  262831.469  264770.625  266679.031  268533.281
  5590.0   262010.438  263982.719  265947.750  267867.000  269731.000
  5600.0   263122.844  265152.656  267125.156  269055.688  270934.438
  5610.0   264279.500  266326.750  268314.125  270255.063  272139.688
  5620.0   265443.969  267505.469  269507.688  271457.438  273350.188
  5630.0   266619.563  268694.719  270702.344  272666.625  274563.844
  5640.0   267799.750  269885.375  271905.156  273874.813  275782.719
  5650.0   268983.813  271080.250  273110.156  275086.938  277009.781
  5660.0   270176.844  272281.313  274318.938  276307.781  278233.469
  5670.0   271369.844  273487.688  275531.688  277529.906  279466.469
  5680.0   272566.906  274692.219  276751.344  278757.125  280700.563
  5690.0   273769.094  275902.969  277970.781  279984.000  281941.344
  5700.0   274977.031  277122.500  279198.531  281221.250  283181.063
  5710.0   276185.438  278343.281  280425.750  282456.188  284426.906
  5720.0   277403.344  279564.406  281663.250  283703.375  285678.625
  5730.0   278619.406  280795.219  282897.469  284946.625  286934.875
  5740.0   279847.438  282026.156  284138.906  286198.063  288195.188
  5750.0   281070.688  283261.125  285383.594  287454.875  289461.281
  5760.0   282301.438  284504.094  286637.031  288711.781  290725.750
  5770.0   283536.031  285748.938  287891.156  289974.563  292001.531
  5780.0   284780.906  286998.469  289147.625  291245.875  293276.719
  5790.0   286021.000  288252.313  290413.313  292518.344  294556.688
  5800.0   287268.500  289508.781  291678.719  293790.250  295841.719
  5810.0   288521.250  290771.375  292946.031  295074.188  297130.375
  5820.0   289775.594  292035.969  294225.875  296356.906  298419.906
  5830.0   291032.688  293306.375  295501.344  297642.438  299715.750
  5840.0   292300.125  294576.344  296782.656  298935.813  301019.438
  5850.0   293563.688  295856.281  298070.094  300229.063  302325.375
  5860.0   294834.625  297134.688  299363.875  301527.844  303631.625
  5870.0   296113.969  298419.375  300652.250  302834.906  304945.469
  5880.0   297394.250  299710.563  301953.750  304142.281  306259.438
  5890.0   298674.375  301002.938  303260.063  305453.313  307581.219
  5900.0   299963.406  302299.406  304563.781  306769.719  308913.406
  5910.0   301255.531  303603.063  305874.375  308096.406  310238.750
  5920.0   302551.938  304907.844  307191.438  309416.719  311570.688
  5930.0   303848.125  306216.031  308517.031  310745.375  312908.563
  5940.0   305155.938  307535.250  309835.750  312080.906  314252.906
  5950.0   306462.406  308849.781  311159.375  313416.281  315599.500
  5960.0   307776.344  310174.625  312490.938  314754.313  316950.500
  5970.0   309090.844  311498.094  313827.469  316100.469  318299.719
  5980.0   310410.938  312825.188  315166.781  317451.281  319661.094
  5990.0   311736.563  314157.625  316511.031  318804.188  321022.969
  6000.0   313060.625  315500.688  317860.406  320161.344  322387.688
